image_width: 640
image_height: 480
camera_name: narrow_stereo
camera_matrix:
  rows: 3
  cols: 3
  data: [696.194698, 0.000000, 327.565238, 0.000000, 701.456394, 227.008135, 0.000000, 0.000000, 1.000000]
distortion_model: plumb_bob
distortion_coefficients:
  rows: 1
  cols: 5
  data: [0.086951, -0.423492, -0.002173, 0.001386, 0.000000]
rectification_matrix:
  rows: 3
  cols: 3
  data: [1.000000, 0.000000, 0.000000, 0.000000, 1.000000, 0.000000, 0.000000, 0.000000, 1.000000]
projection_matrix:
  rows: 3
  cols: 4
  data: [695.595703, 0.000000, 328.518631, 0.000000, 0.000000, 704.384399, 226.401942, 0.000000, 0.000000, 0.000000, 1.000000, 0.000000]
